
strategic_region={
	id=28
	name="Undiscovered_Sea"
	provinces={
		408 409 412 414 416 418 424 428 429 434 436 438 447 448 449 450 453 454 457 459 462 464 466 467 471 480 485 486 489 490 491 494 495 496 498 500 502 504 506 509 511 513 516 518 519 520 522 525 526 527 528 532 533 534 535 536 537 542 543 550 554 558 561 562 566 568 570 574 576 577 578 581 588 592 595 596 597 599 602 609 610 611 614 615 617 619 620 623 624 625 627 632 638 639 640 641 643 644 645 648 649 650 652 655 656 657 658 660 662 663 665 667 669 672 673 674 680 682 688 693 695 696 700 702 709 711 715 716 717 719 720 723 725 726 727 728 729 731 732 733 737 738 742 745 746 748 754 755 758 765 767 768 774 775 777 780 782 783 786 788 790 792 796 797 809 810 815 816 818 826 834 837 838 840 841 845 846 848 849 856 857 865 867 870 871 879 883 888 893 894 896 897 898 902 903 908 910 911 912 917 918 921 922 923 926 927 931 932 935 937 938 939 942 947 949 950 958 960 962 963 965 966 968 969 970 972 973 980 981 983 994 999 1004 1008 1009 1012 1015 1018 1019 1020 1021 1029 1034 1035 1038 1044 1052 1053 1055 1056 1059 1066 1067 1075 1078 1080 1083 1084 1086 1092 1096 1100 1102 1109 1111 1112 1118 1123 1126 1134 1136 1138 1139 1150 1158 1159 1163 1167 1174 1179 1180 1182 1185 1193 1195 1199 1201 1205 1210 1215 1217 1221 1224 1228 1237 1243 1247 1257 1258 1259 1262 1263 1264 1267 1271 1277 1280 1282 1284 1288 1291 1292 1295 1296 1297 1301 1302 1312 1321 1331 1340 1343 1345 1349 1352 1356 1359 1360 1365 1371 1377 1378 1390 1393 1395 1398 1399 1400 1402 1404 1409 1410 1413 1414 1420 1423 1440 1447 1448 1455 1460 1467 1471 1474 1479 1482 1484 1488 1489 1492 1494 1496 1498 1499 1503 1510 1511 1513 1517 1518 1529 1532 1541 1545 1546 1557 1559 1560 
	}
	naval_terrain=water_deep_ocean
	weather={
	}
}
